R = 10
C = 0.000010


